100
46
113957451 113957451 113957451 113957451 113957451 631474920 631474920 631474920 631474920 631474920 631474920 631474920 631474920 631474920 876721518 876721518 876721518 876721518 876721518 876721518 915770376 915770376 915770376 915770376 915770376 915770376 915770376 915770376 915770376 125314252 125314252 125314252 125314252 125314252 125314252 31572324 146451183 146451183 146451183 394430548 394430548 639261678 639261678 639261678 639261678 639261678
50
385002035 385002035 385002035 385002035 385002035 810658365 810658365 810658365 810658365 810658365 810658365 810658365 810658365 810658365 211204204 211204204 211204204 211204204 211204204 211204204 211204204 211204204 211204204 211204204 417879211 417879211 417879211 417879211 417879211 88385077 88385077 88385077 88385077 88385077 88385077 88385077 88385077 88385077 729775800 729775800 729775800 729775800 729775800 175885636 175885636 175885636 175885636 175885636 175885636 175885636
49
139189403 598472311 598472311 598472311 598472311 598472311 598472311 598472311 598472311 598472311 598472311 90990239 90990239 90990239 90990239 164302438 164302438 164302438 164302438 164302438 164302438 816943276 816943276 816943276 816943276 816943276 816943276 816943276 816943276 544355170 544355170 544355170 544355170 544355170 544355170 544355170 544355170 544355170 16457518 16457518 16457518 16457518 16457518 16457518 16457518 16457518 16457518 16457518 767213455
46
434171027 7839960 7839960 187515590 776910189 776910189 776910189 776910189 776910189 776910189 776910189 776910189 776910189 776910189 385569398 385569398 972698941 972698941 972698941 972698941 972698941 700587375 700587375 700587375 700587375 700587375 700587375 504002576 78047910 78047910 78047910 78047910 36462422 36462422 36462422 36462422 36462422 36462422 153058536 153058536 153058536 153058536 153058536 153058536 153058536 153058536
44
74378485 74378485 74378485 74378485 74378485 932123370 932123370 932123370 932123370 932123370 932123370 939787022 939787022 939787022 939787022 939787022 939787022 939787022 939787022 939787022 458818199 458818199 458818199 458818199 458818199 947805266 947805266 947805266 947805266 391519183 391519183 391519183 391519183 391519183 391519183 937242130 937242130 937242130 937242130 937242130 805662863 805662863 805662863 805662863
42
66308978 66308978 66308978 66308978 66308978 66308978 66308978 66308978 66308978 743081590 364485648 364485648 364485648 364485648 364485648 364485648 364485648 364485648 364485648 364485648 548647890 548647890 548647890 548647890 548647890 344372969 344372969 344372969 74205510 74205510 74205510 74205510 74205510 74205510 74205510 74205510 74205510 915773645 915773645 915773645 901339868 901339868
42
666197953 666197953 666197953 666197953 666197953 666197953 666197953 666197953 90169237 90169237 362612350 362612350 362612350 362612350 362612350 362612350 362612350 362612350 362612350 263295592 263295592 263295592 263295592 263295592 263295592 263295592 339573347 781233552 781233552 781233552 781233552 781233552 781233552 781233552 781233552 241091006 241091006 241091006 608143899 608143899 608143899 323669171
50
779340802 779340802 209903144 209903144 209903144 209903144 209903144 209903144 25411543 25411543 25411543 25411543 25411543 677090893 677090893 677090893 677090893 677090893 677090893 677090893 321199912 321199912 321199912 173769827 173769827 173769827 173769827 173769827 173769827 173769827 173769827 173769827 886687755 886687755 886687755 886687755 886687755 886687755 886687755 886687755 886687755 886687755 921821251 921821251 921821251 921821251 921821251 921821251 921821251 921821251
44
408695735 408695735 408695735 408695735 408695735 408695735 408695735 408695735 408695735 408695735 398317784 398317784 398317784 296927003 296927003 296927003 296927003 296927003 296927003 617482868 617482868 617482868 617482868 617482868 210058022 210058022 861439984 355104489 355104489 355104489 355104489 355104489 355104489 355104489 729922069 729922069 729922069 729922069 729922069 729922069 729922069 729922069 377042429 377042429
45
304300607 304300607 304300607 304300607 304300607 304300607 304300607 304300607 141703357 412795460 412795460 412795460 412795460 412795460 412795460 412795460 412795460 472609496 472609496 472609496 472609496 997827444 997827444 499004235 499004235 499004235 18304249 18304249 18304249 18304249 18304249 73442438 245465389 245465389 245465389 844804468 844804468 844804468 844804468 844804468 73337425 73337425 73337425 73337425 73337425
46
505712824 505712824 505712824 505712824 505712824 505712824 505712824 505712824 505712824 505712824 161866199 161866199 161866199 161866199 161866199 161866199 161866199 161866199 676832707 676832707 765809934 765809934 765809934 765809934 765809934 765809934 765809934 765809934 765809934 765809934 99275926 99275926 99275926 99275926 591666928 591666928 591666928 591666928 591666928 591666928 591666928 274196581 274196581 274196581 118372521 297519231
40
887957495 887957495 887957495 887957495 887957495 297786041 297786041 297786041 297786041 297786041 586161452 586161452 586161452 63045955 63045955 63045955 63045955 284647177 284647177 284647177 284647177 284647177 284647177 284647177 744719417 744719417 744719417 744719417 744719417 744719417 416026423 416026423 416026423 416026423 416026423 416026423 416026423 416026423 416026423 53517741
40
164372410 164372410 164372410 164372410 164372410 164372410 342966087 342966087 342966087 342966087 342966087 342966087 649407783 649407783 649407783 649407783 649407783 649407783 649407783 649407783 649407783 649407783 731701886 731701886 731701886 731701886 731701886 777267601 777267601 777267601 777267601 777267601 777267601 527617152 527617152 527617152 527617152 527617152 527617152 890155815
42
249374638 249374638 249374638 249374638 249374638 249374638 249374638 249374638 249374638 249374638 289288639 289288639 289288639 289288639 289288639 289288639 289288639 650639197 650639197 650639197 650639197 650639197 650639197 91730812 91730812 524734243 524734243 338463352 338463352 338463352 338463352 338463352 338463352 338463352 338463352 709060023 709060023 709060023 670462981 670462981 206479968 206479968
44
653196448 653196448 653196448 653196448 653196448 653196448 97293541 97293541 97293541 956441648 956441648 956441648 956441648 93791651 93791651 93791651 93791651 93791651 93791651 93791651 93791651 93791651 853142001 853142001 853142001 853142001 853142001 853142001 853142001 853142001 875703358 875703358 875703358 741230876 741230876 741230876 741230876 741230876 741230876 741230876 741230876 741230876 207386426 86318886
50
424805465 424805465 424805465 424805465 424805465 424805465 424805465 112490681 112490681 112490681 112490681 112490681 112490681 112490681 112490681 112490681 112490681 277802234 277802234 277802234 277802234 277802234 277802234 277802234 277802234 12628180 12628180 863545470 863545470 863545470 863545470 863545470 863545470 863545470 863545470 696101195 696101195 696101195 509472884 509472884 509472884 509472884 509472884 509472884 509472884 509472884 509472884 509472884 176158174 272228707
43
997731387 997731387 997731387 997731387 997731387 997731387 997731387 997731387 997731387 997731387 84366096 84366096 84366096 161467188 161467188 988743560 988743560 988743560 196193242 196193242 941163996 941163996 941163996 941163996 941163996 941163996 941163996 941163996 941163996 941163996 785544795 785544795 682327541 682327541 682327541 682327541 682327541 159319121 159319121 159319121 950025710 950025710 375776240
45
314841835 314841835 314841835 447722763 447722763 447722763 447722763 447722763 447722763 447722763 515969221 515969221 515969221 515969221 515969221 515969221 515969221 515969221 515969221 515969221 313850363 313850363 313850363 313850363 313850363 313850363 313850363 313850363 313850363 313850363 486649346 486649346 486649346 486649346 486649346 486649346 486649346 486649346 486649346 468701597 468701597 468701597 468701597 868072211 868072211
46
337980898 337980898 337980898 337980898 337980898 783245135 783245135 783245135 196461303 196461303 196461303 196461303 196461303 196461303 196461303 978510290 978510290 978510290 978510290 978510290 978510290 98615095 98615095 98615095 98615095 768818944 768818944 768818944 768818944 768818944 768818944 768818944 522813939 522813939 522813939 522813939 522813939 522813939 522813939 522813939 522813939 772255970 772255970 772255970 772255970 772255970
42
475535737 947768666 947768666 947768666 947768666 947768666 947768666 947768666 947768666 71904860 71904860 71904860 71904860 71904860 71904860 176776708 176776708 176776708 176776708 176776708 176776708 176776708 176776708 176776708 176776708 235248305 235248305 235248305 235248305 235248305 235248305 235248305 235248305 235248305 398601396 398601396 398601396 398601396 398601396 18104946 649208399 182733009
47
296343325 296343325 296343325 296343325 296343325 296343325 296343325 296343325 69363366 231009078 231009078 231009078 231009078 231009078 231009078 231009078 231009078 925207213 925207213 925207213 925207213 925207213 366325125 366325125 366325125 682029109 682029109 682029109 655190820 655190820 655190820 655190820 954902646 262638803 262638803 262638803 262638803 262638803 262638803 262638803 262638803 262638803 262638803 384069401 384069401 52747647 52747647
4
1 5 3 1
47
106792359 106792359 106792359 106792359 106792359 106792359 106792359 130227353 130227353 130227353 130227353 130227353 130227353 130227353 188196659 188196659 188196659 72849904 705112687 705112687 705112687 705112687 705112687 705112687 802890117 802890117 802890117 802890117 802890117 642196786 642196786 642196786 642196786 642196786 642196786 642196786 247096668 247096668 247096668 247096668 247096668 247096668 247096668 247096668 933000391 533515167 959825063
46
114889191 114889191 114889191 114889191 253050905 253050905 340983859 340983859 849908091 849908091 849908091 849908091 849908091 849908091 849908091 849908091 849908091 628333544 628333544 628333544 628333544 628333544 628333544 628333544 628333544 882961953 882961953 882961953 882961953 882961953 882961953 882961953 882961953 882961953 882961953 113445796 113445796 113445796 113445796 113445796 113445796 116476344 116476344 116476344 116476344 651755877
47
78223258 78223258 78223258 78223258 78223258 78223258 170743099 170743099 170743099 550150417 550150417 550150417 550150417 550150417 984487233 984487233 984487233 984487233 984487233 984487233 513982764 513982764 513982764 513982764 620017575 620017575 620017575 620017575 620017575 541315472 541315472 541315472 541315472 541315472 541315472 541315472 541315472 541315472 541315472 149483049 149483049 149483049 149483049 331362836 331362836 331362836 686215724
46
310292321 310292321 310292321 310292321 310292321 310292321 310292321 310292321 310292321 310292321 961651350 570939335 570939335 570939335 427801078 427801078 427801078 427801078 427801078 427801078 427801078 427801078 427801078 427801078 148720764 148720764 148720764 148720764 148720764 148720764 148720764 148720764 686441163 686441163 686441163 686441163 686441163 686441163 686441163 686441163 248190556 8344481 8344481 8344481 8344481 8344481
43
630802706 630802706 586377650 586377650 586377650 586377650 586377650 184642443 184642443 184642443 184642443 184642443 184642443 184642443 184642443 613156502 613156502 613156502 430281504 430281504 430281504 430281504 430281504 430281504 948438142 948438142 948438142 948438142 948438142 948438142 948438142 948438142 331625045 331625045 331625045 331625045 331625045 331625045 331625045 331625045 331625045 338216473 643846846
47
927916910 927916910 747326880 747326880 747326880 747326880 747326880 747326880 747326880 522043302 717155102 717155102 717155102 717155102 717155102 717155102 717155102 717155102 717155102 29975845 29975845 29975845 29975845 29975845 29975845 29975845 29975845 339830670 339830670 339830670 339830670 339830670 513983566 513983566 513983566 513983566 513983566 513983566 513983566 513983566 513983566 763656560 651554267 101899721 197189039 197189039 197189039
45
693318684 693318684 693318684 693318684 107831832 107831832 507854404 507854404 507854404 507854404 507854404 507854404 507854404 507854404 507854404 753577600 753577600 358660624 358660624 358660624 358660624 768270408 768270408 768270408 768270408 768270408 768270408 768270408 768270408 768270408 768270408 73895297 73895297 73895297 73895297 73895297 73895297 73895297 644097836 644097836 644097836 644097836 644097836 644097836 368470612
43
324864277 324864277 324864277 324864277 324864277 324864277 785619038 785619038 785619038 785619038 785619038 957706343 957706343 957706343 957706343 957706343 957706343 957706343 957706343 59670146 59670146 178495458 802616516 802616516 802616516 802616516 802616516 802616516 802616516 768885707 768885707 768885707 768885707 768885707 768885707 144442633 144442633 144442633 154417976 154417976 154417976 154417976 432770908
49
915718450 915718450 915718450 915718450 915718450 915718450 915718450 915718450 915718450 915718450 362605737 362605737 362605737 362605737 362605737 362605737 217497255 217497255 217497255 217497255 217497255 217497255 727057835 727057835 727057835 727057835 727057835 727057835 127793537 127793537 127793537 127793537 127793537 84033692 84033692 84033692 84033692 84033692 84033692 84033692 84033692 917187062 917187062 917187062 369198001 969336703 969336703 969336703 609886072
50
546596347 546596347 546596347 546596347 546596347 546596347 546596347 546596347 546596347 417292981 417292981 417292981 417292981 417292981 417292981 417292981 417292981 417292981 998778836 998778836 328333334 328333334 328333334 328333334 328333334 328333334 328333334 419026758 419026758 419026758 119365419 119365419 119365419 929833187 929833187 929833187 929833187 929833187 929833187 929833187 929833187 929833187 698178265 698178265 698178265 479858101 479858101 479858101 479858101 479858101
50
659675550 659675550 659675550 659675550 659675550 659675550 659675550 356877834 356877834 356877834 356877834 356877834 356877834 356877834 989478286 989478286 715211535 715211535 715211535 872164380 872164380 872164380 872164380 872164380 872164380 872164380 872164380 131239776 131239776 131239776 131239776 868661174 868661174 868661174 868661174 868661174 868661174 868661174 74184318 74184318 74184318 74184318 74184318 74184318 74184318 74184318 143248904 143248904 581853715 581853715
47
242197580 242197580 242197580 242197580 242197580 242197580 937060744 937060744 937060744 937060744 513544556 513544556 513544556 513544556 513544556 513544556 513544556 911721650 911721650 911721650 911721650 911721650 911721650 911721650 911721650 911721650 911721650 779596570 779596570 779596570 779596570 779596570 779596570 779596570 779596570 779596570 779596570 305246865 305246865 305246865 305246865 305246865 305246865 904112293 904112293 904112293 505627312
44
733438042 733438042 733438042 733438042 119781792 119781792 119781792 119781792 119781792 119781792 119781792 119781792 286832624 286832624 286832624 286832624 286832624 286832624 80289780 80289780 80289780 80289780 80289780 80289780 80289780 813965985 813965985 813965985 813965985 813965985 813965985 813965985 813965985 813965985 781477918 781477918 781477918 781477918 139920863 139920863 139920863 139920863 596318873 596318873
41
853294234 853294234 853294234 853294234 853294234 853294234 97837064 749735885 749735885 749735885 749735885 749735885 749735885 105989413 105989413 105989413 105989413 105989413 105989413 137380215 5782063 5782063 5782063 457705514 457705514 457705514 457705514 457705514 457705514 457705514 421784549 421784549 421784549 421784549 421784549 421784549 421784549 358622696 358622696 633338091 443959330
48
29177306 29177306 29177306 29177306 29177306 29177306 29177306 618260906 228034186 228034186 228034186 228034186 228034186 228034186 228034186 85494681 85494681 85494681 85494681 13896057 13896057 13896057 13896057 13896057 139410754 139410754 139410754 210937310 210937310 210937310 210937310 210937310 210937310 412518811 412518811 412518811 412518811 412518811 412518811 412518811 412518811 412518811 377366952 377366952 377366952 377366952 877444732 877444732
49
863453754 863453754 863453754 863453754 863453754 863453754 863453754 863453754 863453754 863453754 351572253 351572253 351572253 351572253 351572253 351572253 351572253 5231508 5231508 776966350 776966350 776966350 776966350 776966350 776966350 776966350 776966350 776966350 9879690 9879690 9879690 9879690 941196153 941196153 941196153 941196153 941196153 787734273 787734273 787734273 787734273 787734273 787734273 325871496 325871496 696031427 696031427 696031427 349656441
4
2 2 3 3
47
518148951 518148951 518148951 443799034 443799034 443799034 443799034 61953086 192304912 192304912 192304912 192304912 192304912 528124255 528124255 528124255 528124255 528124255 528124255 528124255 528124255 528124255 528124255 407937653 446722231 446722231 446722231 446722231 446722231 446722231 446722231 446722231 905746768 905746768 905746768 905746768 905746768 905746768 831553876 831553876 831553876 831553876 831553876 126468245 126468245 126468245 126468245
47
382496046 382496046 448756471 448756471 448756471 455165714 455165714 455165714 455165714 455165714 455165714 455165714 455165714 455165714 455165714 745090540 745090540 745090540 745090540 745090540 745090540 745090540 745090540 745090540 476428151 476428151 476428151 476428151 476428151 476428151 476428151 476428151 428491591 428491591 428491591 428491591 428491591 428491591 428491591 264581131 835075618 835075618 835075618 835075618 835075618 158060781 368343788
1
233
47
486337998 486337998 486337998 486337998 486337998 486337998 889603419 889603419 889603419 889603419 889603419 889603419 889603419 889603419 889603419 33886851 33886851 33886851 33886851 238318643 238318643 238318643 238318643 238318643 238318643 600510009 600510009 600510009 600510009 600510009 600510009 147820207 385304750 385304750 385304750 385304750 385304750 385304750 385304750 385304750 385304750 745584236 745584236 242749700 996628168 95485861 95485861
45
720307692 720307692 720307692 720307692 720307692 720307692 720307692 720307692 720307692 720307692 110330752 110330752 691474987 691474987 691474987 691474987 552582686 947876092 947876092 947876092 947876092 947876092 947876092 947876092 947876092 947876092 947876092 989080424 989080424 989080424 989080424 989080424 989080424 989080424 261542170 261542170 261542170 261542170 261542170 261542170 86029280 86029280 86029280 37069989 146450126
41
892083607 833223528 833223528 833223528 529425662 529425662 529425662 529425662 529425662 965343357 965343357 965343357 965343357 965343357 965343357 965343357 965343357 792876225 792876225 752937808 752937808 752937808 752937808 752937808 752937808 752937808 259416158 259416158 64846945 28505407 28505407 28505407 28505407 28505407 28505407 28505407 28505407 28505407 154148710 154148710 154148710
42
391388483 391388483 391388483 391388483 391388483 391388483 391388483 391388483 391388483 391388483 491529077 491529077 491529077 14331421 14331421 14331421 14331421 334614876 334614876 334614876 334614876 377270945 377270945 377270945 377270945 377270945 377270945 377270945 412963146 412963146 412963146 3896230 3896230 3896230 3896230 3896230 3896230 3896230 3896230 800818096 800818096 800818096
5
2 3 3 4 3
40
682084223 172926776 172926776 573456928 573456928 909240801 909240801 122604548 122604548 122604548 122604548 122604548 122604548 122604548 122604548 122604548 122604548 488616959 488616959 488616959 488616959 488616959 488616959 488616959 488616959 703340898 703340898 703340898 703340898 703340898 703340898 703340898 703340898 710655002 710655002 710655002 710655002 710655002 710655002 392994713
44
139627844 139627844 139627844 805538264 805538264 805538264 805538264 805538264 805538264 679588328 679588328 679588328 679588328 679588328 679588328 679588328 679588328 679588328 679588328 299821483 299821483 299821483 299821483 565805351 565805351 429479187 429479187 429479187 429479187 509346807 509346807 194890077 194890077 194890077 194890077 194890077 194890077 194890077 194890077 194890077 194890077 366848203 537074822 537074822
49
794929200 794929200 794929200 794929200 253510198 253510198 253510198 814281169 814281169 814281169 814281169 814281169 814281169 814281169 814281169 54618880 54618880 54618880 392074719 392074719 392074719 392074719 49860219 49860219 49860219 49860219 49860219 49860219 49860219 49860219 865277053 865277053 865277053 865277053 865277053 865277053 865277053 865277053 865277053 143472165 143472165 143472165 143472165 143472165 143472165 235332716 235332716 235332716 235332716
44
871202683 871202683 871202683 964523567 964523567 964523567 964523567 964523567 964523567 964523567 601966534 601966534 928568691 928568691 928568691 928568691 928568691 928568691 174958609 174958609 174958609 174958609 56586238 56586238 56586238 896259278 896259278 896259278 896259278 896259278 896259278 896259278 896259278 896259278 896259278 175359697 175359697 175359697 175359697 175359697 175359697 175359697 175359697 175359697
41
18458337 18458337 18458337 18458337 18458337 18458337 18458337 18458337 18458337 18458337 835057156 835057156 835057156 835057156 835057156 835057156 835057156 131119857 131119857 131119857 131119857 131119857 134503047 134503047 134503047 134503047 134503047 134503047 368916543 368916543 368916543 368916543 368916543 368916543 437098502 437098502 86463275 86463275 666808940 666808940 105308607
49
605544565 605544565 605544565 605544565 605544565 605544565 605544565 605544565 289742792 289742792 289742792 289742792 130596854 130596854 130596854 130596854 130596854 130596854 130596854 130596854 130596854 999418046 999418046 999418046 999418046 999418046 999418046 102086675 102086675 34865961 34865961 34865961 34865961 34865961 496846685 496846685 496846685 496846685 496846685 496846685 496846685 496846685 856082875 856082875 856082875 856082875 140875441 527896431 527896431
48
485559374 485559374 485559374 485559374 485559374 592918368 592918368 592918368 592918368 592918368 592918368 592918368 864113130 864113130 864113130 864113130 864113130 864113130 864113130 864113130 527036740 527036740 527036740 527036740 527036740 173239656 173239656 173239656 173239656 173239656 173239656 50860453 50860453 50860453 50860453 50860453 50860453 50860453 50860453 50860453 863089882 863089882 925070430 925070430 925070430 925070430 925070430 925070430
47
394141373 394141373 394141373 394141373 776218421 776218421 776218421 776218421 776218421 776218421 776218421 776218421 776218421 776218421 430865111 430865111 430865111 140455751 140455751 140455751 140455751 140455751 140455751 140455751 140455751 768021591 768021591 768021591 768021591 768021591 110158213 110158213 110158213 110158213 110158213 110158213 941193882 941193882 941193882 941193882 506296036 506296036 506296036 506296036 506296036 506296036 506296036
44
45383703 45383703 45383703 45383703 45383703 45383703 45383703 745569791 745569791 745569791 745569791 745569791 745569791 649522458 26087947 26087947 26087947 26087947 26087947 743993407 743993407 230797114 230797114 230797114 230797114 230797114 918595717 918595717 918595717 918595717 647772769 250752420 250752420 250752420 250752420 250752420 250752420 363536274 363536274 363536274 363536274 801984628 974452832 974452832
45
301026081 301026081 301026081 182048944 182048944 182048944 182048944 182048944 182048944 182048944 182048944 182048944 182048944 114153424 114153424 114153424 114153424 114153424 114153424 114153424 114153424 114153424 982878566 982878566 709550696 709550696 709550696 709550696 709550696 709550696 709550696 709550696 709550696 58696934 58696934 58696934 58696934 58696934 58696934 193521788 505391778 505391778 633051079 633051079 633051079
49
146090368 602294933 602294933 602294933 602294933 602294933 602294933 602294933 312505419 172103604 172103604 172103604 172103604 172103604 250983821 250983821 250983821 250983821 250983821 250983821 251181064 251181064 251181064 251181064 251181064 251181064 251181064 251181064 251181064 348395338 348395338 348395338 348395338 348395338 44879659 44879659 44879659 44879659 44879659 44879659 44879659 603986194 603986194 603986194 603986194 603986194 603986194 603986194 603986194
47
14286820 14286820 14286820 14286820 14286820 14286820 14286820 14286820 14286820 505217155 505217155 505217155 505217155 505217155 505217155 505217155 505217155 505217155 442807297 442807297 308980244 308980244 308980244 994726570 994726570 994726570 994726570 994726570 367405080 367405080 367405080 367405080 272226204 105837016 105837016 105837016 105837016 105837016 105837016 595464213 595464213 595464213 595464213 595464213 595464213 595464213 138595373
46
372833570 372833570 372833570 372833570 372833570 372833570 372833570 843958242 204385209 617417261 617417261 617417261 617417261 530732025 530732025 530732025 530732025 530732025 530732025 530732025 243310158 243310158 243310158 243310158 243310158 243310158 243310158 243310158 97708225 97708225 97708225 97708225 133954941 133954941 133954941 133954941 133954941 133954941 23778688 23778688 23778688 23778688 23778688 23778688 4501749 4501749
50
521430669 521430669 521430669 521430669 521430669 521430669 629831438 629831438 629831438 139210370 139210370 139210370 139210370 139210370 77402361 50623117 50623117 50623117 50623117 50623117 50623117 50623117 50623117 354842410 354842410 354842410 354842410 354842410 354842410 354842410 354842410 862261871 862261871 862261871 862261871 862261871 749815225 749815225 125165232 125165232 125165232 125165232 987969989 987969989 827732785 827732785 827732785 827732785 827732785 719711963
8
3 4 1 4 2 5 3 1
48
297144804 297144804 297144804 297144804 427529933 427529933 427529933 427529933 427529933 74652312 74652312 74652312 74652312 338162094 338162094 338162094 338162094 812801797 812801797 812801797 812801797 564422679 564422679 564422679 564422679 564422679 564422679 564422679 723209730 723209730 723209730 723209730 723209730 723209730 723209730 723209730 388945751 500540030 500540030 500540030 500540030 500540030 500540030 500540030 1567740 1567740 134510402 573028356
49
668421024 952867794 952867794 952867794 952867794 952867794 952867794 952867794 952867794 952867794 952867794 471462272 471462272 905833171 905833171 905833171 905833171 905833171 905833171 905833171 278083789 278083789 278083789 278083789 278083789 54737826 54737826 54737826 54737826 54737826 54737826 54737826 54737826 54737826 54737826 777063983 777063983 777063983 777063983 777063983 777063983 777063983 777063983 777063983 972677494 972677494 169988673 169988673 928040269
40
409001603 409001603 409001603 409001603 409001603 409001603 409001603 409001603 409001603 311514843 311514843 311514843 311514843 311514843 311514843 963642485 963642485 963642485 963642485 963642485 963642485 963642485 963642485 963642485 835627785 835627785 835627785 835627785 835627785 835627785 835627785 835627785 835627785 835627785 670393790 670393790 670393790 670393790 747975956 747975956
47
481639639 481639639 481639639 481639639 24884404 24884404 24884404 24884404 24884404 759550483 759550483 759550483 759550483 759550483 759550483 759550483 759550483 357366753 357366753 357366753 357366753 357366753 357366753 357366753 357366753 919569338 919569338 919569338 919569338 113898163 113898163 174642799 174642799 174642799 174642799 174642799 174642799 174642799 174642799 710069369 710069369 710069369 710069369 116316641 116316641 116316641 116316641
3
233 233 233
42
257728923 257728923 257728923 257728923 257728923 257728923 257728923 257728923 257728923 257728923 32732376 32732376 32732376 32732376 32732376 32732376 51510126 51510126 51510126 51510126 370084802 370084802 77374821 77374821 77374821 77374821 77374821 77374821 77374821 77374821 77374821 77374821 690215325 690215325 690215325 690215325 690215325 690215325 690215325 245016186 180060328 180060328
49
568676624 568676624 568676624 568676624 597224488 597224488 597224488 597224488 579106362 579106362 579106362 579106362 579106362 579106362 579106362 169378764 169378764 957242424 957242424 957242424 957242424 957242424 957242424 969169421 969169421 969169421 969169421 147551262 147551262 809009481 809009481 809009481 809009481 809009481 391899735 391899735 391899735 391899735 391899735 139273015 311969897 311969897 311969897 774884955 362203485 362203485 362203485 362203485 362203485
46
79442407 79442407 637317508 637317508 637317508 637317508 637317508 637317508 637317508 637317508 637317508 637317508 588092481 588092481 588092481 588092481 588092481 588092481 588092481 588092481 588092481 588092481 656210119 656210119 656210119 656210119 656210119 656210119 656210119 656210119 656210119 153042128 153042128 153042128 153042128 153042128 153042128 153042128 815949592 815949592 815949592 823646602 948009175 948009175 948009175 284482667
44
854606720 854606720 854606720 7873897 7873897 7873897 7873897 7873897 7873897 7873897 7873897 7873897 7873897 443532938 443532938 443532938 443532938 443532938 91951664 91951664 91951664 91951664 91951664 886802009 886802009 886802009 24039688 17528493 17528493 17528493 758316235 758316235 758316235 758316235 758316235 151201604 151201604 151201604 151201604 151201604 151201604 18788195 18788195 497791922
45
115195526 706205699 706205699 706205699 706205699 706205699 706205699 706205699 706205699 706205699 706205699 941240610 941240610 941240610 941240610 941240610 941240610 941240610 941240610 941240610 941240610 836842516 836842516 836842516 836842516 836842516 836842516 300227240 300227240 300227240 300227240 300227240 300227240 300227240 654597342 654597342 654597342 654597342 654597342 127895062 127895062 896332885 896332885 896332885 896332885
41
296645245 296645245 121832889 121832889 121832889 121832889 121832889 121832889 121832889 121832889 121832889 380355707 380355707 380355707 380355707 385476575 385476575 385476575 385476575 385476575 385476575 385476575 385476575 813688090 813688090 813688090 689951963 689951963 689951963 689951963 689951963 689951963 442408261 21958652 21958652 21958652 979764721 979764721 979764721 174874489 174874489
46
951452594 951452594 951452594 951452594 951452594 951452594 951452594 664782267 664782267 664782267 906249437 906249437 906249437 262135925 262135925 262135925 262135925 262135925 532389375 532389375 532389375 532389375 361988072 361988072 361988072 361988072 624225883 59028846 59028846 59028846 59028846 59028846 59028846 59028846 59028846 59028846 280669414 280669414 280669414 280669414 280669414 280669414 280669414 280669414 280669414 304203336
46
555224870 555224870 555224870 555224870 555224870 555224870 555224870 555224870 555224870 555224870 76311514 76311514 76311514 76311514 76311514 76311514 76311514 76311514 76311514 915005302 915005302 915005302 915005302 915005302 795706199 795706199 795706199 795706199 795706199 795706199 71011222 71011222 71011222 71011222 71011222 71011222 71011222 71011222 963269373 963269373 963269373 877228317 877228317 877228317 877228317 877228317
42
605831791 605831791 605831791 605831791 605831791 605831791 605831791 605831791 605831791 605831791 8311383 8311383 8311383 8311383 8311383 968416339 968416339 968416339 968416339 968416339 968416339 968416339 271169872 271169872 271169872 271169872 271169872 271169872 721659642 721659642 721659642 721659642 721659642 721659642 721659642 721659642 721659642 721659642 574414356 574414356 266211875 266211875
44
914139848 914139848 914139848 914139848 37173540 37173540 37173540 37173540 37173540 37173540 191001292 191001292 191001292 191001292 191001292 191001292 191001292 191001292 191001292 191001292 579174300 579174300 787459976 787459976 787459976 787459976 787459976 787459976 787459976 464011227 464011227 464011227 464011227 464011227 464011227 852414071 852414071 852414071 852414071 852414071 852414071 852414071 852414071 852414071
46
525988063 525988063 525988063 525988063 134492876 134492876 134492876 134492876 2039631 367799414 367799414 367799414 11527197 542665312 542665312 542665312 542665312 616610021 616610021 616610021 616610021 616610021 616610021 581307740 581307740 581307740 581307740 581307740 375255451 375255451 375255451 375255451 375255451 182357640 182357640 182357640 182357640 182357640 182357640 758140792 95280658 116342835 116342835 116342835 116342835 116342835
49
199908506 199908506 199908506 199908506 199908506 543656198 543656198 543656198 543656198 494354235 494354235 494354235 494354235 494354235 494354235 494354235 494354235 494354235 494354235 789075200 312472204 312472204 312472204 312472204 312472204 312472204 457923387 995475068 995475068 603877867 603877867 603877867 603877867 603877867 603877867 603877867 603877867 10668399 10668399 10668399 10668399 88965404 88965404 88965404 88965404 88965404 88965404 569859245 569859245
48
626539233 626539233 626539233 626539233 626539233 864365542 864365542 864365542 864365542 864365542 864365542 864365542 864365542 803434552 803434552 803434552 803434552 803434552 803434552 240939165 240939165 240939165 240939165 240939165 240939165 240939165 240939165 240939165 240939165 388147492 388147492 388147492 388147492 388147492 388147492 36005691 36005691 36005691 36005691 36005691 36005691 648396344 648396344 648396344 648396344 406874928 406874928 747956496
46
4666304 4666304 4666304 4666304 4666304 122464432 460288604 460288604 460288604 460288604 660085244 660085244 660085244 660085244 660085244 660085244 660085244 660085244 660085244 660085244 990153375 990153375 608564955 608564955 608564955 366794571 366794571 366794571 366794571 366794571 366794571 366794571 366794571 366794571 371191538 830261885 830261885 830261885 259634779 581688580 581688580 581688580 581688580 581688580 431925540 431925540
43
433646551 433646551 433646551 433646551 433646551 433646551 433646551 433646551 433646551 433646551 560013825 560013825 560013825 676642100 676642100 676642100 676642100 676642100 676642100 676642100 551828718 551828718 551828718 551828718 551828718 551828718 551828718 551828718 237328353 237328353 237328353 237328353 237328353 237328353 237328353 237328353 237328353 237328353 22248327 22248327 22248327 22248327 551363495
40
238429860 379495158 379495158 379495158 642860776 642860776 642860776 642860776 642860776 642860776 642860776 642860776 642860776 642860776 751181942 751181942 751181942 203719017 203719017 203719017 203719017 203719017 203719017 422026604 422026604 822474776 822474776 822474776 822474776 822474776 822474776 822474776 338981090 338981090 338981090 338981090 338981090 338981090 338981090 754455416
40
357392474 357392474 357392474 357392474 357392474 357392474 357392474 357392474 357392474 879744520 879744520 879744520 879744520 879744520 665954601 665954601 665954601 665954601 665954601 665954601 665954601 665954601 994964643 994964643 994964643 994964643 994964643 994964643 994964643 636878516 636878516 636878516 636878516 636878516 208135684 208135684 208135684 208135684 953878328 953878328
47
567703659 567703659 567703659 567703659 567703659 567703659 567703659 567703659 179516586 343250085 343250085 343250085 343250085 343250085 343250085 580314939 580314939 580314939 580314939 580314939 580314939 56714681 56714681 56714681 56714681 56714681 56714681 56714681 56714681 56714681 56714681 436832798 436832798 436832798 436832798 436832798 436832798 436832798 436832798 436832798 649745686 649745686 649745686 649745686 850751650 850751650 850751650
49
863793627 863793627 863793627 863793627 956255349 956255349 956255349 956255349 956255349 956255349 105045626 105045626 105045626 105045626 105045626 105045626 764192374 764192374 764192374 764192374 908195887 908195887 908195887 908195887 908195887 908195887 908195887 908195887 908195887 574442724 574442724 574442724 574442724 574442724 574442724 574442724 574442724 4053692 4053692 4053692 4053692 4053692 4053692 4053692 4053692 338128031 338128031 338128031 994124463
44
972175278 972175278 972175278 972175278 972175278 972175278 972175278 972175278 972175278 972175278 263939010 263939010 263939010 263939010 594895840 594895840 594895840 594895840 594895840 594895840 594895840 481114146 481114146 481114146 481114146 481114146 612295084 612295084 612295084 612295084 646238157 646238157 646238157 646238157 24022645 24022645 24022645 24022645 24022645 535501939 535501939 843673977 348327655 348327655
46
50277415 50277415 119946883 119946883 119946883 119946883 119946883 119946883 932035349 932035349 505686913 505686913 505686913 505686913 505686913 505686913 505686913 505686913 505686913 895146740 895146740 895146740 24065847 24065847 24065847 587412783 587412783 587412783 587412783 587412783 587412783 587412783 587412783 587412783 65376106 65376106 65376106 65376106 839796568 839796568 839796568 839796568 839796568 839796568 839796568 35507545
49
956508875 956508875 956508875 956508875 956508875 39043075 39043075 615207085 615207085 615207085 615207085 615207085 615207085 615207085 615207085 615207085 482060643 482060643 482060643 482060643 482060643 866191066 866191066 866191066 866191066 866191066 866191066 866191066 866191066 866191066 48982151 48982151 48982151 48982151 48982151 48982151 48982151 48982151 48982151 69408863 69408863 69408863 833414327 833414327 833414327 833414327 833414327 833414327 833414327
44
617177996 617177996 41044795 565456377 565456377 565456377 565456377 565456377 565456377 565456377 926412881 926412881 926412881 926412881 926412881 926412881 926412881 926412881 926412881 926412881 745046032 996531313 334802368 334802368 334802368 334802368 149553023 149553023 59598548 59598548 279269345 279269345 279269345 279269345 279269345 279269345 279269345 279269345 279269345 279269345 475122745 475122745 55863881 55863881
47
103750544 103750544 103750544 103750544 103750544 103750544 103750544 103750544 103750544 754387782 754387782 754387782 754387782 754387782 754387782 754387782 754387782 315545139 315545139 315545139 315545139 315545139 315545139 315545139 315545139 315545139 77691664 77691664 77691664 77691664 77691664 77691664 77691664 77691664 77691664 332435696 412047659 412047659 412047659 412047659 88580632 910330719 910330719 910330719 353591433 353591433 505508237
44
437177110 437177110 437177110 437177110 437177110 437177110 437177110 421222555 421222555 421222555 421222555 421222555 421222555 642952075 642952075 642952075 642952075 642952075 642952075 891590873 891590873 891590873 891590873 891590873 891590873 891590873 14563020 14563020 14563020 14563020 14563020 14563020 14563020 14563020 993749758 993749758 993749758 993749758 993749758 993749758 993749758 993749758 993749758 993749758
48
535220669 535220669 56884734 56884734 56884734 56884734 751258615 751258615 751258615 111992595 111992595 111992595 111992595 731229160 616799492 536467446 536467446 536467446 536467446 536467446 536467446 536467446 290197020 290197020 771026101 771026101 273181464 273181464 273181464 273181464 273181464 273181464 273181464 886884373 886884373 917702643 917702643 917702643 917702643 917702643 917702643 917702643 917702643 924567275 924567275 924567275 924567275 239193566
45
5923963 120859158 120859158 120859158 120859158 120859158 120859158 57516038 57516038 57516038 57516038 57516038 57516038 57516038 57516038 57516038 206443164 206443164 230739047 230739047 776325908 335195145 335195145 946482169 946482169 946482169 328145906 328145906 328145906 328145906 328145906 328145906 328145906 328145906 328145906 481201561 481201561 481201561 481201561 481201561 481201561 448050996 44475851 44475851 44475851
41
369707752 369707752 369707752 369707752 369707752 369707752 369707752 434658595 434658595 434658595 434658595 434658595 223070007 223070007 223070007 223070007 57783014 57783014 57783014 57783014 57783014 57783014 57783014 57783014 57783014 675224300 675224300 675224300 675224300 675224300 982910519 982910519 982910519 528672734 979761031 616983719 616983719 577409306 577409306 577409306 958171288
48
475149548 475149548 475149548 475149548 475149548 475149548 475149548 170528093 170528093 514239042 514239042 514239042 514239042 514239042 514239042 514239042 514239042 238732730 238732730 238732730 238732730 238732730 238732730 238732730 723258049 723258049 723258049 723258049 723258049 723258049 884176975 884176975 884176975 884176975 884176975 884176975 884176975 884176975 884176975 970184920 139223467 139223467 139223467 139223467 139223467 139223467 139223467 945063909
41
901967164 901967164 901967164 901967164 901967164 901967164 101351449 101351449 101351449 101351449 101351449 101351449 101351449 101351449 101351449 48999546 48999546 48999546 48999546 48999546 48999546 48999546 48999546 48999546 48999546 567086445 567086445 567086445 567086445 567086445 567086445 94983445 94983445 94983445 94983445 94983445 94983445 94983445 94983445 58705284 977811081
42
102984775 102984775 102984775 102984775 102984775 102984775 102984775 102984775 102984775 246149668 246149668 246149668 246149668 246149668 246149668 246149668 246149668 246149668 977870478 977870478 977870478 977870478 977870478 977870478 977870478 919232044 919232044 919232044 919232044 919232044 919232044 919232044 628730420 628730420 628730420 628730420 306520432 306520432 306520432 246771218 246771218 246771218
47
314912945 314912945 314912945 314912945 314912945 314912945 431852247 431852247 431852247 431852247 431852247 431852247 431852247 759875702 759875702 759875702 759875702 759875702 759875702 759875702 759875702 759875702 759875702 575163464 575163464 575163464 575163464 575163464 575163464 559783611 559783611 559783611 559783611 559783611 559783611 559783611 559783611 981072862 981072862 981072862 981072862 981072862 981072862 981072862 981072862 998468615 998468615
50
356100384 145816334 145816334 145816334 145816334 993984166 993984166 993984166 993984166 993984166 993984166 993984166 406401703 837815678 837815678 837815678 837815678 837815678 837815678 837815678 837815678 837815678 915409380 915409380 915409380 282236739 282236739 231626825 231626825 231626825 231626825 231626825 700309680 700309680 700309680 700309680 700309680 700309680 700309680 691679791 691679791 691679791 691679791 660679977 660679977 660679977 660679977 660679977 660679977 853205840
